1 2 3 4 5 6 7 8 9 10 11 12 13 15 16 17 18 19 20 21 22
22
18 20
20
3 20
10
10
2 4 6 8 10 13 22
10 18 20
4
2
2 4 17
3 18 22
22
3
3 21
20
22
22
18
3 6 20
16 20
18
20
16
18
6
3 20
20 22
4 20
22
13
4 7 11 13
20
2
4
11
2
20
21
2 5 22
22
22
3 11 13
10
3 5 12 20
2 15 22
6
2 5 9 16 20 22
3 9
5
2 3 4 10 11 15 16 18 20 22
17 20
6 20
19
6
2
2
16 22
2
6 7
3 5 6 20
10
5 16
20
13
6 13
2 3 4 5 6 8 9 10 11 12 13 15 16 17 18 19 20 22
6 16
20
2 10 20 22
16 17 22
12 16
16
21
3 18 22
20
4 18
19
2 3 4 5 6 7 8 9 10 11 12 13 15 16 17 18 19 20 22
22
13
11 16
6 15
13
16 18
3 5 15 16 20
12
2 4 6 8 9 10 11 13 15 16 17 18 19 20 22
4 13 16
1 2 3 4 5 6 7 8 9 10 11 12 13 15 16 17 18 19 20 21 22
2
11 22
20
6 13 19
2 3 4 15 19 20
4 11 12 19 20 22
16 20
22
1 2 4 10 12 15 16 17 18 20 22
2 3 4 5 6 13 15 16 18 19 20 22
16 20
9
20
6 13 16 20 22
20
4 16 18 20
10
16
4
3 10
13
3
16
13
11
2 3 4 6 9 10 11 13 15 16 18 19 20 21 22
2 22
4 15
22
20
19
1 13
2
6 10 13 17 20
2 3 4 5 6 8 9 10 11 12 13 15 16 18 19 20 22
9
7 10
4 6 11 16 20 21 22
19 20
2 5
20
13 16
16
2 4 20
1 2 3 4 5 6 7 8 9 10 13 15 16 17 18 20 21 22
5
5 20
20
2 18
1 16
18 22
20
5
22
20
3 6 11 16 22
16 20
4
22
20
6 8 10 13 15 16 18 20 21 22
20
3
2 16
20
3 4 8 16 20 22
15
2 11 18 20
6
3 15 22
4
2 12
20
9 12
2 15
20
16
1 18 20
20
22
15 20
22
6 11 16
13
16
13 20
20
16
4 15
2 10
3
20
4
5 16
11 13
6
1 2 3 4 6 9 10 12 13 16 17 18 19 20 21 22
19
20
4 17
10
2 3 4 5 6 7 8 9 10 11 12 13 15 16 17 18 19 20 21 22
20
22
4 5 13 16 18 20
4 6
16
8
6 18
11 20
3
5
16
16
7
16
3
2 13 19 20
2
4 6 7 12 20 22
20
6 11 13 16 22
22
20
4
3 11 15 16 20 22
3 4 5 9 10 13 15 16 17 18 19 20 21 22
20
22
10 15 20
16
16
6
4
3 6
16
12 16 20
11 13 20 22
4
2 3 4 6 11 12 16 18 20 22
2 15 22
16
18 20 22
22
19
1 2 6 20 22
16
10
4
20
16
6 9 16 20
22
10 16
5 12 13 16
22
15
3 5 6 12 16 19 22
6 18
22
2 4
15
2 3 4 5 8 13 15 16 19 20 22
20
4 6 15 16 18 20
17
3 8 9 16 19 20 22
9
6 9
12
9
15
11
9
19 22
16
20
15 20
9
16
6 16
22
20
4 6 16 19
4 5 20
5 6 10 22
13
13 16
2 3 5 6 7 15 16 20 22
15
17 20
16
2
11
10
4
3 4 16 20 22
6 11 16
6
3
4 12 15 16 17 20
4
10
3
20
3
6
6 20
17
2 5
4
4 9
3
18 20
20
2 6 15 16 18 19 20 22
2
3 6 16 20
4 20 22
22
18
16
3
6 9 10 16 18 22
12
16
18
3
6
20
6
18
4 8 15 16 22
20
4 13 16
18
11 15 22
5 16
4
4
11
9
16
6 20
22
22
2 4 5 16 18 20 22
13
3 4 16
11 22
2
2
6
16 20
2
6
13
2
2
15
22
5
20
2
2 6 12 16
2 3 4 5 6 7 8 9 10 11 12 13 15 16 17 18 19 20 21 22
2 4
16
2 3 4 5 6 8 9 10 11 12 13 15 16 18 19 20 22
22
2 4 9 15 16 17 20
3
2 4 22
2 3 12 13 15 20
2 3 4 6 10 15 16 18 19 20 21
10 13 22
22
3 4 6 10 15 17 20 21 22
16 20
3
15
2 17
11
11 15 20
20
22
9
3 10 11 13 16
3 5 11 13 16
15
13
9 20
4 10
6
2
2
6 17 20 22
22
11
22
22
4 10 15 20 22
6 15
10
12
2 13
5 16
22
5 18 20 22
2 6
3
20 22
3 20
20
19
10
3
4 16
16 19 20
19
22
13
3
2
12
6 7 19
2
19
6
16
5 11 13 16
3 5 11 13 15 16 20
3
11 13
5 16
11 13
3
20
4 7 8 9 12 15 17 19 20
4 19
2 16
3
16
2
4
20
17 20
22
6
16 20
9
2 13
16
1 20 22
5
6 8 9 10
10 22
10
1
18
19
2
16
20
15
11
2
3 6 11
4 16
3
22
2 3 4 5 6 8 9 10 11 13 15 16 17 18 19 20 21 22
5
2 3 4 6 10 13 15 16 18 19 20 22
22
6 15 19 22
6 13
13
20
18
20
2 19
20
13 16
16
20
10 18
16
2 17
13 16 18
19
18
2 3 15 16 21
16
3
3 5 11 15
4
20
2 18
19
22
4
22
3 4 16 22
20
16 20
16
16
20
16
12
16
6
4
4
6
16
20
17
9
10 16
16
13 20 22
11
18
16
4 16 18 20
20
16
1 16
2
3 4
20
20
20
20
18
12
3 18
16
19
2
15
2
20
20
11 19
5 11 13
16
13
15 18
13
3
22
3 9 10 16 18 19 20 22
3 6
16
3
16
12
16
3
20
6
17 20
1 3 20
13 20
4 16
15 20 22
12
18
6
13 19
19
16
13
16
20
2
16
5 16
2 22
17
15 16
2 16 22
22
3
16
8 15
22
15
9
22
20
16
16 20
20
16
12
5
22
22
22
6
16
10 13
4 17
20
3
20
20
20
15
4 5
13
11
2
4 20
18
2 4 20 22
22
20
2 4 5 6 8 9 10 11 12 13 15 16 17 18 19 20 22
15 18
15 20
2 20
11
15 16 19
20
2 15 16
20
16
8 15 22
5
22
1 2 3 7 8 9 12 15 19 20
2 4 6 9 12 13 16 18 20 21 22
22
2
3 6 15 16
2
4
2 16 18 19 20 22
16 20
20
3 11 15 16 20 22
4
16 17 20
2
2 16
22
6
7 16 22
3 20
20
4 20 21 22
20
3 20
16
6
3
20
22
22
19
13
13
10 12
11 17 20
16
6
20
20
16
6
17
6 16 17 18 20 22
18
2
3
3
20
13
10
3
3 16
13
11 13
11 13
20 22
11 13
3 11 20
13 20
4 6 10 11 13 18 20
10
11 15 20
20
16
3
6
5 13
16
3
20
18
3 4 6 7 15 20
3
3
22
15
3 22
5
2 4 6 7 9 10 12 13 15 16 18 20 21 22
22
7
3 5 15 22
18
16 20 22
20
9 15 20
19
13
22
15
4
16
2 5 19 20 21
11 20
8 16
4 5
4 20
2
11
16 20
18
19
11
10
19
15
15
8
6
3
4 16 22
20
16
22
22
13
15
16
3
20
2 3 4 6 7 8 9 10 11 12 13 15 16 17 18 19 20 21 22
6
2
18 20 22
2 4 12 17 20
20
4 16 18 20
4
2 3 6 9 16 19
16
3 20
9 10
6 11 13 16 19 20
3
3 6 9 10 13 16 18 20 21 22
12 16 22
3
22
2 3 16
16
6
4 6 10 15 16 20
16
20
1
11 13 16 20 22
16
20
16
9
16
2
20
22
2
4
16 20
9
20 22
20
6 7 20
11
7
6
16
9
3
16
17
7 20
4 10 12 15 16 20 22
20
1 3 12 16 17 20
16
11 16 17 22
2 3 22
19
4 6
6 10
8 16 19 22
22
4
4
3 15 16 22
20
20
20
2 9 22
5 11 12 19
19 20
3
2 3
4
19
16
6
2
3 5
16
6
20
13 16
6
16
9 15 16 19 20
2
10 12 16
12 20
22
11 20
13 19 20 21
20
22
2 4 7 15 16 20
18
6
22
15
4 16 20
11
18
16 22
16
16
3 4 11 16
3 12
3
13
10
16
6 9 11 15 20 22
19 20
2
2 3 4 5 6 7 8 9 10 11 12 13 15 16 17 18 19 20 21 22
2
20
16
16
6 16 20 21
16
20
20
4 18
3 6 8 11 13 16 19 20 22
2 3 13 16 20 22
22
6
16
16 20
21
22
15
20
2 16
13
6 20
4
11 20
2 4 5 10 11 12 13 16 19 20 22
22
3 10 13 15 16 17 18 20 21
2 20
2 3 6 13 16 19 20 22
4 16
20
4
4 20
4
15 20
16
2 6
20
5
4 16
10
16
16
8 20
15
2 3 4 5 6 8 10 11 12 13 15 16 17 18 19 20 21 22
7
2
4 6 7 8 9 10 11 17 18 19 20 22
4 9 20 22
4
16
20
4 16 20
19
20
4 11
2
2 6 9 11 12 13 16 20 22
16 17 22
2 3 5 6 9 10 15 16 22
4 6 11 12 20 22
9
16
2 6 8 13 16
2
2 3 4 5 8 10 11 12 16 18 20 21 22
2 6 13
5
2 16
16
2 4 8 10 16 20 22
22
8
3
3 4 19 20
20
9
3 16
3 16 22
4
6
16
17
6 11 16 20 22
2 6 7 11 18 20
2 3 7 9 11 18
20
6
3 4 20
4 9 10 22
10 16
4
15
6
1 3 4 5 6 7 8 9 10 19
20
16 22
6
4 20
4
2 3 4 5 16 19 20 22
4
22
6 10 16
9
6
15 16
15 20 22
4 9 15 16
9
16
22
3 9 15 18 20
2 18 19 22
2 6 19
15
3
18
22
16
2 10 18 20
5
6
9
6
3
16
11
6 20
2 9 12 13 15 16 18 20 22
19
18 20
6 16 22
5 10 13 16
20
2 3 5 10 11 13 16 19 20 22
2 15
22
6
15
19
2
9
12
15
2 16
16 20
4 6 15 16 17 20 22
15
2 15
20
20
2 20
22
22
5 11 13 16
2 10 20
10
3 12 17 20
3
6
6 22
4
2 3
13 17
20
15 16
2 9 13 17 19
6
3 7
2 9 13 19
4 8 15
22
9
2 3 4 5 6 7 8 9 10 11 12 13 15 16 17 18 19 20 21 22
16
6 20
13 20
13
11
3
4 15 16 20 22
4 16 17 20
17
22
4
3 4 20 22
4
11
20
16
2 9 16 19 20 22
4
15
2
2 5 6 9 13 16 20
2 3 11 13
5
2 15 18
2 3 8 9 11 20
15
4
2
3
15
12
16
18
20
16 20
16 20
3 12
3 12
20
1 4 6 8 16 20 22
6
1 2 4 6 10 15 16 22
4
2 3 4 5 6 8 10 11 12 13 15 16 17 18 20 22
11
3
3 16
20
6
3 4 15 16 20 22
4
2 4 8
20
11 20
21
20
4
2
4 11 13
15
20
20
16
1 17
16 20
18
10 19
13 18
3
22
22
22
16
6
22
9 22
16
2 6
22
11
20
4
15
10
2 4 5 8 11 16 20 22
6 12 16 18 20
8 10 15
20
22
3
3
2 6 7 11 13 16 18 19 20 21
19
16
20 22
13 20
10
11
15
9 12 16
4 6 7 11 13 16 18 20 21 22
12 15 20 22
6 16 20
4 20
3 6 10 15 16
20
2 3
13
11
22
20
16
2 3 4 6 8 9 10 11 12 13 15 16 17 18 19 20 22
4
1 6
3 6 11 15 16 17 20 22
18
19
13 16
8
3 4 8 11 13 15 16 22
2 11 13 16
12
6 8 10 12 13 15 16 18 19 20 22
2 3 4 5 6 7 8 10 12 15 16 17 18 19 20 21 22
4 19
20
15
22
9
15
6 16 19 22
19 20
16
6 18 19 20
11
16 20
2
6
6
2
2 3 17 20
2
1 2 6 8 10 12 16 20 21 22
20
4 17 20
11 22
11
6
2
4
2 3 6 20
5 22
16
20
22
6
16
16
20
22
17
12 20 22
11
5
20
2
4 11 16
22
16
6 20
2 6 16 19
3 4 6
4
4
6
2
4
7
16
16
20
9 13 15 22
3 6 18
4
2 3 4 5 6 11 15 16 18 20 22
17
9
6 16 20 22
3 16
13 15 16 20 22
22
6 20
4 5 6 8 11 12 13 16 18 20 22
15 18 20
2 20
6 13
20
16
16
6
3
16 18 22
22
3 4 6 15 16 20 22
20
17
3
22
2
20
22
20
6
6 9 15 19 20
6 16 18 20 21
6
6
4 9 16 20
4 17 20
2 3 4 5 6 8 10 11 12 13 15 16 19 20 21 22
2 3 4 5 6 7 8 9 10 11 13 15 16 17 18 19 20 21 22
3 6 16 19
2 5 11 13 16
2 3 4 5 6 9 10 11 12 13 15 16 17 18 19 20 22
3 6 9 11 13 15 16 17 20
2
15
22
4 6 9 12 15 16 17 18 20 22
4 11 12 15 16 20 22
2 16 22
3
15
2 3 4 5 6 11 13 15 16 18 20 22
10 20
16 20
2 11
15
4 6 8 10 11 18 19 20 22
11 19
6
12
20 22
4
5
6
6
20
7
1
20
22
7 11 16
18
4 9
8 13 16 20 22
1 2 6 8 10 11 12 15 16 18 19 20 22
22
5 16
22
2 3 4 6 8 10 11 13 15 16 18 19 20 21 22
10
2 6 20
13
22
15
10 20
2 6 22
16
4 6
2 6 13 16 20
22
15
22
3 4 6 7 9 12 13 15 16 17 19 20 21 22
3 4 6 10 15 16 20 22
15
4 20
4
1 2 3 4 5 6 7 8 9 10 11 12 13 15 16 17 19 20 21 22
6 16
3 16
9
10 22
19
2 8 10 16 17 18 20 22
10 20
22
20
2 3 4 20 22
3 4 20 21 22
6 15 18 19
2 13 16 18 20 22
13 18 20
16
6 10
22
3 6 11 13 19 20 22
2 6 13
22
3 6 10
3
3 22
2 8 10 20 22
8 18 22
4 6 7 8 9 10 13 15 16 18 20 21 22
6
2 3 4 6 8 10 11 13 15 16 18 19 20 22
16
19
20
5 11
9
10
20
4 20
20
15
20
19
15
3 15 18 19 20 21 22
18
3 18 20 21 22
22
11
2 3 4 5 6 7 8 9 10 11 12 13 15 16 17 18 19 20 21 22
5
13
2 3 4 5 6 7 8 9 10 11 13 15 16 17 18 19 20 21 22
2
9 15
18
9 13
22
11
16
16 17
20
17
6
20
3 18
16
20
4
1 2 3 4 5 6 7 8 9 10 11 12 13 15 16 17 18 19 20 22
6
5
20
20
3 6 10 11 16 19 22
16
16
4
20
6 20
20
20
6
16 20
2
22
20
20
20
22
20
13
22
22
2
2 6 21
11
11
11
11
4
3
19 20
4 13
15
3
20
22
17
4 16
13
16
16
18
2 3 4 9 16 18 19 20 22
16
2 3 4 5 6 7 8 9 10 11 12 13 15 16 17 18 19 20 22
8 16
16
2 3 4 5 6 7 8 9 10 11 12 13 15 16 17 18 19 20 21 22
3
3 6 16
16 20 22
15
18
4 9
2
2 16
2
19
16
1 7 8 9 10 12 16 18 19 22
2
15
1 4 6 7 8 10 12 15 16 19 20 21 22
22
8 12 15
9
4 20
19
20
16
19
9 10 13 15 20 22
11 13 20
13
20
1 12 16 17 20
10 16 20
20
2 7 10 12 13 15 21 22
22
17 22
4 11 13
9
20
18
13
4 6 9 19 20 22
12
16
4
16 22
11
20
2
2 11 13 16 22
15
4 7
22
16
15 18 20 22
20 22
3
2 3 4 6 8 10 11 15 16 17 18 19 20 22
6
21
2
6 16 22
6 10 22
4
11
2 18 20
18 22
15
2 3 5 11 13 16 19 22
18
19
20
4
4
20
22
4 6 9 16 20 22
13
12 20
20
3
2
2 15
2
15
2
1 6 7 8 9 19 22
12 16 17 20
20
20
3 20
20
19 20 22
18
3
3 5 11 13 16 20
11 16
5
15
10
2
3
2 16 20
20
6 13 20
16
2 3 6 7 8 11 13 15 16 20 22
5
2 4 6 20 22
6
20 22
2
4 15 22
4
6 16
17
1 6
16 19 20 22
6 15 16 20
2 3 4 5 6 9 11 12 13 15 16 17 18 19 20 21 22
2
7 8 16 18 20 22
6 20
3
18
6 20 22
5
2 11 15 16 22
11 16 18 20
20 22
6 11 13 16 17 19 20 22
6 10 20 22
16
15
2 3 4 6 10 11 13 15 16 18 19 20 22
13
15
20
20
1
11
16
6
18
13
20
5 22
2 16
16
3 18 20 22
3 6 16 18 19 20 22
2
6
16
5 6
3 15
3 22
16
2 3 4 6 8 9 10 11 13 15 16 17 18 19 20 21 22
9
20
20
9 16
2 16
20
6 8
6 10 13 16
3 6 20
2 4 5 6 9 10 12 13 15 16 17 18 19 20 22
3
4 20 22
20
2 3 6 13 16 18 19 20 21 22
2 3
16
1 2 6 7 8 10 12 16 18 19 20 21 22
2 6 13 16 20
11
20
15
15 17 20
2 9 11 15 16 22
3 5
20 22
1 2 3 4 5 8 9 10 11 12 13 16 18 20 22
5 16 20 22
10
18
10
12
7 16 20
4 13 16
2
20
15
20
15
20 22
3 13 16 18 22
2 3 5 8 10 15 16 17 19 20 22
3
1 16 20
1 2 13 16 22
5 16
6 16
20 22
20
2 3 4 5 10 11 12 15 16 20 21 22
2 3 16 18 20
16 20
2 6 16 19
20
2 3 4 5 6 11 12 16 18 19 20 22
18
20
7 18
22
3
13
7 18
16
2
2 4 11 13 15 16 17 19 20 22
2
22
6
4 6 16 20 22
3
5 13 16
3 16 20
16
3 6 8 12 19 20
16
15
13
10
2
8 9 10
10
9
10
3 6 7 8 9 15 16 22
22
6
15 19
15
10
6 16 19 22
2 3 4 5 6 8 11 12 13 15 16 19 20
4 20 21
2 3 4 5 6 7 8 9 10 11 12 13 15 16 17 18 19 20 21 22
16
3 4 9 16 19
3 4 19
2 4 5 15 16 20 22
13
16 20
16 18
10
19
22
2 4 8 15 18 19 20
20
16
2
19
4 19
2 3 4 5 11 13 15 16 17 18 20 21
22
20
2 15
1 2 3 4 5 6 7 8 9 10 11 12 13 15 16 17 18 19 20 21
4 15 16
20
17 19 20
16
20
13
6
2 3 4 7 12 16 22
16
3
2
16 20 22
4 20
16 20 22
4
4 16
16
2 6 15 16
20
18
16
15
18
2 4 6 8 9 11 12 16 18 20
2 3 4 5 6 10 15 16 18 20 22
16
16
2 6
4
12 16 22
6
3
18 20
2 8
5
5 16
9 16 20 22
16
20
2 17
5
15
3
16
22
6 22
2
20
16 20
18
9
2 4 9 15 16 17 19 20
4
19
15
15
3
16
3
4 16
4
20
22
22
19
2 3 4 6 9 10 11 13 15 16 17 18 19 20 21 22
4
3 9 16 20 22
1 3 5 11
2 17
11
2
2 3 4 5 6 7 16 17 18 20 21
13
3 4 6 19
16 22
22
20
22
3
4
16
22
16
2 3 4 7 10 11 13 15 16 17 19 20 22
22
20
13 16
13
6
16 22
22
22
2 5 6 8 10 11 13 16 18 19 20 22
4
22
2 3 4 5 6 7 8 9 10 11 12 13 15 16 17 18 19 20 21 22
2 5 6 10 11 16 18 20 22
2 3 6 15 20 22
3
12 15
4 15
17
10
2 16 20 22
13
16 17 22
6 8 15 16 19 20 22
4
6 16 22
3
4 5 16 18 22
20
2
20
4 18
6 9
3 4 19
8 18 20
19
3 5
3
15
22
2 3 4 19 20 22
3
1 3 5 13 16 18 20 21 22
2
2 3 4 5 6 8 9 11 12 13 15 16 17 18 19 20 22
6 7 8 10 13 16 20
3 4 6 8 15 16 22
6 13 22
5
3 6 8 9 10 15 16 20 21 22
22
6 10
2 3 4 6 9 10 11 13 15 16 17 18 19 20 22
2 11 13 18 20
20 22
4 20
3 13 15 16 19 20 22
2 3 4 5 9 11 15 16 18 20 22
5
9 20
2 3 4 5 6 7 8 9 10 11 12 13 15 16 17 18 19 20 22
4
4 16 22
18
2 3 6 9 15 16 20 22
4 16 22
22
16
2 3 4 6 8 10 11 13 15 16 18 19 20 22
13
2 3 4 6 7 8 9 10 11 12 13 15 16 19 20 21 22
13 17 20 22
16 22
20
18
2
10
11
10
16
6
13
6
3
2 19
2
2
6
3
1 2 3 4 5 6 7 8 9 10 11 12 13 15 16 17 18 19 20 21 22
2 4 18 20 22
20
13 20
20
20
3 4 6 20
20
10
15
1
13 20
9
2 4 17
11 15 16
4
1 2 3 6 8 9 11 15 16 20 21 22
1 2 3 4 5 6 8 9 10 13 15 16 17 18 19 20 22
4 10 11 13 20 22
2 3 5 6 9 11 13 15 16 19 20 22
2 12 16 18 19 20
2 16
20
16
13
2 19 20
20
13
2 4 5 6 10 11 12 13 15 16 20 22
2
16
22
8 22
6
15
16
22
6
12
1 2 3 4 6 12 15 16 18 19 20 22
4 5 20
2 4 5 7 10 12 13 15 16 18 20 21 22
6 20
2 4 6 9 10 12 15 16 17 18 19 20 21 22
5
12
21
20
12
4 11
5
21
13 16
3 4 10 16 20
2
20
2 16
16
2 3 4 6 15 16 18 20 22
16
10
6
18 20 22
7
5 8
2
16 20
6
10 20 22
16
3
20
3
16
16
22
22
8 16
3
20 22
18
2 19
2 4 6 9 11 12 15 16 18 20 22
6 12 16 22
4
1 19
3 6 16 20
20
3 4
12 20
15 16
10 16 19
9
10 20
4
13
22
11 13 16 20
19
3 12 16 17 20
16
20
20 22
16
13
4
2
2
2
16
22
20
4 20
20
3
10
16 18 22
22
22
22
3
9
4 6 20
20
5
2
1
16
16
16
8
2 16
3
5
13
3 11
4
20 22
2
20
10
2
20
20
2
4
6 20
2 4 6 15 18 19 20
10
15
6 15 19 20 22
19
2 5 7 10 16 19
3
16
16 20
2 4 6 8 10 20
16 18 20 22
4
4 16
16
2
5 20 22
2
6
22
22
15
2
3 6 16 19 20
4 19
2 16
1 2 3 5 11 13 16 18 19 20 21 22
2
13
2
4 20 22
4
4
6 13 22
22
4 17 20
20
4 16 20 22
16
18
3 16 19 22
13 18
22
2 3 4 5 6 12 13 16 17 18 19 20 21 22
6 15 18 20
17 20
22
22
20
12 15
20
6
6
8
8 19 20 22
20
16
2
16 18
2 4 6 16 20
13 20
2 4 10 13 20
20
2
13
18
10 22
2
5
19
15
13
1 3 5 11 13 16
3
3 11
20
8
20
13 16
20
20
20
20
2 9 10 15
4
9 17
4
2
15
7 11 16 19
2
3 20
2
6 20
3 16
4
18
16
22
20
18
3 5 15 16 18
10 20
6 9
8 16 20
9
4
20
18
13 16 20
18
2
2 4 6 16 20
2
2 4 9
20
6 12 16 20
10
20
18
8
20
11
16 20
22
19
22
5 16
2
2 18 20
2
13
12
20
22
20
22
22
2 16
20 22
10
20
4
20
2 4 6 19
12
4
16 22
4 13
6
16
19
20
2 4
4 11
2 3 4 6 16 20 22
16
16
4
20
18
20
11 13 22
8
11 13 16 20
6 20
12 15 16 17 19 20 22
3
3
2
15
15
20
20
2 16 20
22
20
20
15
5
16
16
18
3 22
20
2
5
13
20
16
20
17
18
16
3 12
20
20
9
16 18 20
20
22
2 5
10
20
4
18 20
20
16
15
9
2
17 20
3
15
2 6 22
22
2 4 6 9 10 15 16
3 4 6 8 9 10 12 18 22
15
2 6
20
3 15
4
4 15
11
2 6 10
1 2 6 11 12 13 15 16 22
2 12 22
11
16
3 5 6 9 11 13 16 20 22
20
3
16
20
15 16 20 21 22
21 22
4
12
10
13
2
22
13 22
2
2
5
7
2 4 16
16
20
16
20
4
20
3 4
6
16 20
6 19
13 16 20
20
6
2 6 10 20 22
10
6
20
2 3 4 5 6 7 8 9 10 11 12 13 15 16 18 19 20 21 22
20
4
16 20
2 6
2 3
22
22
4 13
2 10 12
4 15
10
3 11
2 8 12 20
1 2 8 12 15
1 2 8 10 12 15 17
1 16 20
20
2 3 15 16 18 20 22
2 6 16
2
15
20 22
22
16 20
19
6
6 12 16 22
3
2 3 4 6 9 13 15 16 19 20 22
15
2 4 6 11 13 16
6
6 9 11 13 19 20
20
16 22
5
6 16
6
5 6 15
16
10
2
1
20
20
13
3
2 18
5
6
15
3
4
11 16
22
20
20
19
2 15 16 22
4 10 20
3 12
2 12 15 16
12 15
20 22
16
20
1 2
3
11 16 20
2 18
7
2 3 4 6 7 9 10 11 13 15 16 17 18 20 21 22
13
2 3 10 15 16 20
17
6 8 16
16
12 13 16
22
20
2 13 22
4 20
18
18 20 22
22
15
12 13
10 20 21
20
3
16
20
1 3 6 13 15
1 16 22
6 19
4 19
20
6 20
3
13
3 6 11 19 20 22
13
16
11
3 5 13 16 22
13
2
17
2 3 4 5 6 7 8 9 10 11 12 13 15 16 17 18 19 20 21 22
9
2
2 7 9 20
20 22
4 10
16
20
2 5 6 8 10 11 12 15 16 19 20 22
20
15
4
4
3
22
12 15
4 16 22
3
22
2
16
6
19
2
2 3 4 6 9 10 13 15 16 19 20 22
15
20
16
2 3 4 6 13 15 16 18 19 20 21
15
2
11 16 20
22
16
11
3
4
16
19
3 9
1 4 6 9 15 17 20 21
3
3 16 18 20 22
2 16
6 17 22
15
16 20 21
8 13 22
2 4 6 10 16
2
2 12 19 22
2
3 4 11 13
6 16
4
3 7 16
2 16 17 20 22
11
3 22
13
4
20 22
19
2 4 6 8 9 19 20 21 22
3 9 19
6
2 20 22
2 10
15
9 16 20
4
3
6
16
22
20
20
20
20
2 9
9 22
5
22
8
15
9
12
6
6
22
4
2
3
4
3
15
9
16
19
9
16
2 3 4 5 6 7 8 9 10 11 12 13 15 16 17 18 19 20 21 22
3 6 9 16
4 17 20 22
20
22
11
3
20
5
16
13
5
2 3 6 7 8 9 10 11 12 13 15 16 18 19 20 22
2 6 7 16 19 20
2
6 20
16
6
7 22
3
2 10
5
22
7 20
2 3 22
18
4 6 10 16 18 20 22
18 20 22
2 9 16 20 22
16 22
17
2 4 5 6 8 15 16 17 18 19 20 21 22
17
2 16
22
6
13
13
2
12 18 22
2 13
15
2
16
6 7 10 16 18 20 22
11 13 20 22
4
11
22
6 8 15 16 20
3
4 16
4
13
4
9
2 5 6 11 13 16 19 20 22
6 9
2
4
16
16
9
13
11
2 6 10 13 16 19 20 22
2
20 22
6
3
20 22
16 17 18 20 22
2 6 10 12 16 20 22
18 20
4 20
4 5 16 22
22
16
1 22
18
5
15
2 4 13 16 18 20 22
2 22
20
15
20
22
20
12
19
19
2
12 22
20
5 16 22
11
9 11 15 20
4 22
4
2 3 4 8 10 13
20
2
2 12 20 22
4 16
3 17
22
11 22
4
2 16
9
12
22
20
18
7
18
10
20
4 22
6
2
15 22
16
16 20
22
16
2 3 4 6 12 13 16 18 19 20 22
5
12 22
20 22
4 15
20
4
16
3 4 6 8 11 20
3 19
1
1 2 3
5
2 4 16 20
16
13 15 22
16
4
5 22
16
2
8
3
6 7 8 9
4
16
4
2 6 12 15 16 17 22
3 22
3 16
20
11
4
20
16
4 20
20
2 3 5 6 9 10 13 15 16 18 20 21 22
21
16 20
16
3 7 10 13 16 19 22
22
22
22
2
16
2 3 22
6 17 20 22
15
6 10 11 15 22
13 20
6 19
6
15
16 20
2 3 4 5 6 8 11 13 15 16 18 20 22
4 20
20
4
20
3 22
3 4 6 7 15 19 22
2
15
16 20 21
20
6 7
20
3 13 15 16 20
4 22
3 20
20
7 12 15
10 11
7
2
2 4 5 6 8 9 10 12 13 15 16 17 18 19 20 21 22
16 19
3
5
2
20
3
6
10 11 16 20
20
20
22
16
4 5 6 22
16
2 3 6 8 9 10 11 13 15 16 18 19 20 22
2 5 15 16 18 20 22
6
2 21
2 20
2 3 4 5 6 8 9 10 11 12 13 15 16 17 18 19 20 21 22
5
1 2 3 4 5 6 7 8 9 10 11 12 13 15 16 17 18 19 20 21 22
2 3 4 5 6 7 8 9 12 13 15 16 17 18 19 20 22
2 3 11 12 13 16 20 22
2 3 4 10 11 15 16 18 19 20 21 22
10 16 20
2 3 4 5 6 9 10 11 13 15 16 17 18 19 20 22
2 3 4 6 7 9 10 11 12 13 15 16 18 19 20 22
2 3 5 9 10 16 17 18 19 20 22
16 20
2 3 4 6 7 11 13 15 16 17 18 20 22
2 3 6 9 10 11 12 13 15 16 18 19 20 21 22
22
15
4 10
2 4 20 22
2 3 4 20 22
6 10 13 18 19 20 22
2 3 4 6 11 12 15 18 19 20 22
16 20
4 11 15
2 3 4 5 6 7 8 9 10 11 12 13 16 17 18 19 20 21 22
22
20
11
20
2 4 16 20
2 3 4 6 7 8 9 10 11 13 15 16 17 18 19 20 21 22
2 6 7 16 20 22
2 11 12 16 20 22
4 5 10 12 16 18
4 15 16 18 20 22
16
11
3 4 5 6 11 13 16 20 22
4
4 6 16 20
2 4
9
4 11
4
20
3
2 6 16
5
22
9
4 6 10 11 13 16 18 19 20
15
3 4 6 7 9 10 11 13 15 16 19 20
20 22
15
2 6 15 16 18 20 22
2 3 4 6 8 10 12 13 16 18 20 22
4 10 11 13 16 17 20
2 4 8 10 16 20 22
13 15
1 2 3 4 5 6 7 8 9 10 11 12 13 15 16 17 18 19 20 21 22
9 12 16 18 20
4 5 11 12 16 20
11
2 6 7 10 16 20
8
2 3 4 5 6 10 11 12 13 15 16 18 19 20 21 22
19 22
2
20
8
10
8
16
15
16
15
2
16 20 22
22
2
18 20 22
3 9
17
18
2
5 11 13 20
11 13
18
10
12
16
22
13
16
16
19
22
20
4 15
16 20
18
19
11 13
6 20
4 15 16
22
3
3 16
20
16
22
3 6 10 13 15 16 18 20 22
19
22
20
2 6
2 22
3 6 16 20 22
2 5 6
1 4 15 16
22
20
4 5 6 15 16 18 19 20 22
4 20
6 12
16
15
16
13
16
4
18
20
3 10 16 18
2 11 20 22
20
6 20
6
16
2 3 4 8 12 13 15 16 18 19 20 22
20
16
10
2
20
15
4
3 8 10 12 20
16
4 12 16 19 20
3
8
2 11
13
15
20
13
10
16
20
22
22
16
22
2
3 8 15 16 20 22
16
13
2 13
11
3
16
16
16 20
22
16
22
22
4
16 18 22
2 4 5 6 18 20 22
10
16
22
5
4 6 8 9 15 19 20
22
2 3 4 6 9 11 12 15 16 18 19 20 21 22
19 20
2 22
20
20
2 4 5 8 10 12 15 16 17 18 19 20 22
4
4
4 6 16 18 20
15
20
15
12
2
2
5
16
4 11 13 16 20 22
20
16
12
9 13
11
22
16
16
2
3 13 16 20
1 2 3 4 5 6 7 8 9 10 11 12 13 15 16 17 18 19 20 21 22
2 4 16
2 4 16
10
2 3 6 12 15 16 19 20 22
2 12 16
22
6
20
16
11 16 20
8 9
3
4 12
15
2
11 16
5
16 22
2
3
2 16
6
20
19
6 16 18 20 22
4 20 22
5
18 20
22
22
20
18 19
10
1
22
2
4 22
6
13
22
4
2
22
16 22
4
2
15
3
11
21
2
3 4 6 8 9 11 12 13 15 16 19 20 22
2 9 18
2 10 22
4
2 4 6 22
11 16
20
2 4 5 6 13 16 22
19 22
2 3 4 6 8 10 11 12 15 16 18 19 20 21 22
11
5
20
16 19 20 22
2 4 22
15
6 13 16 18 20 22
13
2
10 13
16
22
4 9
3
11 20
16 20
3 11 16 20 21 22
2 3 4 6 7 9 11 12 13 15 16 17 18 19 20 21 22
6
12
15
2 3 4 6 9 11 12 13 15 19 20 22
18
20
2 3 4 6 7 8 9 10 11 12 13 15 16 18 19 20 22
2
2 3 4 5 6 9 10 12 13 15 16 18 19 20 22
2 3 4 5 6 10 13 15 16 20 21 22
20
9
2 13 20 22
2 3 20
20
6 10 15 16 20 22
2 3 4 5 6 10 11 12 13 16 18 20 21 22
5 6 16 19 22
3
16 20 22
4
3 16
8
8
2 3 4 5 6 7 9 10 11 12 13 15 16 20 22
2 18 19
2 3 5 13 16 18 20 22
2 4 5 11 16 18 20 22
2 3 4 6 9 10 11 12 13 15 18 19 20 22
2 11
6 16
5 6 7 13 16 19 20 22
6 9 16 22
15
11
2
2 3 4 5 6 8 9 10 11 13 15 16 17 18 19 20 21 22
22
4 7 13 15 19 20
5 16
2 10 16 22
9
2 4
2 3 15
2 15
5
15
13
2 13 20
2 4 6 10 11 20
6
16
12 16 18 20 22
16
2 5 13 19 20
1 2 3 4 5 6 7 8 9 10 11 12 13 15 16 17 18 19 20 21 22
11 15 16 18 20
2 3 4 10 11 18 20 22
3 9 13 15 20 22
4 10 22
3
6 10 16
13
22
20
20
6 15 19 20 22
19
3 4 5 16
17
2 12
9 10 15
13
3
3
16
20
4
2 3 15 16 19 20 22
9 16 18 19 20 22
4 18
16
2 3 11 12 16 19 20 22
11
3 11 16
4 6 9
6
3
2 9 10
2
22
13
3 20 22
2 3 4 5 6 7 9 10 12 13 15 16 18 20 21 22
6 20
16
20
2 16
15
15
22
20
20
20
20
2
8
20
20
11 22
11
2 4 5 6 15 16 20 22
13
4
12
9
2 4 19
5 20
2 9
2 15 20
3 4 15 16 19 20
12
3 4 5 6 8 9 11 12 13 15 16 17 18 19 20 22
5 17 20
18
16
6 22
2 3 4 5 6 8 9 10 11 12 13 15 16 18 19 20 21 22
3 5 6 9 11 13 16 18 20 22
10
2 3 4 5 6 8 9 10 11 12 13 15 16 18 19 20 21 22
2 10 11 16 20 22
2 5 16
2 3 16 18 20 21 22
22
22
